0.000000E+00  0.151171E+00  0.617216E+00  0.117099E+01  0.286802E+00  0.244923E+00  0.188506E+01  0.269581E+01  0.350880E+01  0.539162E+01
0.338276E-03  0.123681E+02  0.154490E+02  0.117099E+01  0.937466E+00  0.800578E+00  0.188506E+01  0.269581E+01  0.350880E+01  0.539162E+01
0.676552E-03  0.166212E+02  0.166183E+02  0.117099E+01  0.117119E+01  0.100017E+01  0.188506E+01  0.269581E+01  0.350880E+01  0.539162E+01
0.101483E-02  0.151851E+01  0.146434E+01  0.117099E+01  0.121431E+01  0.103699E+01  0.188506E+01  0.269581E+01  0.350880E+01  0.539162E+01
0.135310E-02  0.143703E+00  0.141066E+00  0.117099E+01  0.119287E+01  0.101869E+01  0.188506E+01  0.269581E+01  0.350880E+01  0.539162E+01
0.169138E-02  0.130076E+01  0.131092E+01  0.117099E+01  0.116191E+01  0.992253E+00  0.188506E+01  0.269581E+01  0.350880E+01  0.539162E+01
0.202966E-02  0.618669E+01  0.614967E+01  0.117099E+01  0.117804E+01  0.100602E+01  0.188506E+01  0.269581E+01  0.350880E+01  0.539162E+01
0.236793E-02  0.407428E+01  0.432025E+01  0.117099E+01  0.110432E+01  0.943066E+00  0.188506E+01  0.269581E+01  0.350880E+01  0.539162E+01
0.270621E-02  0.214568E-01  0.302522E-01  0.117099E+01  0.830539E+00  0.709265E+00  0.188506E+01  0.269581E+01  0.350880E+01  0.539162E+01
0.304449E-02  0.545146E+01  0.585952E+01  0.117099E+01  0.108944E+01  0.930359E+00  0.188506E+01  0.269581E+01  0.350880E+01  0.539162E+01
0.338276E-02  0.918733E+01  0.925445E+01  0.117099E+01  0.116249E+01  0.992747E+00  0.188506E+01  0.269581E+01  0.350880E+01  0.539162E+01
0.372104E-02  0.958960E+00  0.917957E+00  0.117099E+01  0.122329E+01  0.104467E+01  0.188506E+01  0.269581E+01  0.350880E+01  0.539162E+01
0.405931E-02  0.151208E+00  0.146774E+00  0.117099E+01  0.120636E+01  0.103021E+01  0.188506E+01  0.269581E+01  0.350880E+01  0.539162E+01
0.439759E-02  0.128084E+01  0.127992E+01  0.117099E+01  0.117183E+01  0.100072E+01  0.188506E+01  0.269581E+01  0.350880E+01  0.539162E+01
0.473587E-02  0.324318E+01  0.332549E+01  0.117099E+01  0.114200E+01  0.975249E+00  0.188506E+01  0.269581E+01  0.350880E+01  0.539162E+01
0.507414E-02  0.162771E+01  0.166783E+01  0.117099E+01  0.114282E+01  0.975943E+00  0.188506E+01  0.269581E+01  0.350880E+01  0.539162E+01
0.541242E-02  0.119225E-01  0.120318E-01  0.117099E+01  0.116035E+01  0.990918E+00  0.188506E+01  0.269581E+01  0.350880E+01  0.539162E+01
0.575070E-02  0.970679E+00  0.100426E+01  0.117099E+01  0.113183E+01  0.966558E+00  0.188506E+01  0.269581E+01  0.350880E+01  0.539162E+01
0.608897E-02  0.155327E+01  0.154928E+01  0.117099E+01  0.117400E+01  0.100257E+01  0.188506E+01  0.269581E+01  0.350880E+01  0.539162E+01
0.642725E-02  0.166864E+00  0.162869E+00  0.117099E+01  0.119971E+01  0.102453E+01  0.188506E+01  0.269581E+01  0.350880E+01  0.539162E+01
0.676552E-02  0.259197E+00  0.250093E+00  0.117099E+01  0.121361E+01  0.103640E+01  0.188506E+01  0.269581E+01  0.350880E+01  0.539162E+01
0.710380E-02  0.406019E+00  0.403590E+00  0.117099E+01  0.117803E+01  0.100602E+01  0.188506E+01  0.269581E+01  0.350880E+01  0.539162E+01
0.744208E-02  0.234389E+01  0.235047E+01  0.117099E+01  0.116771E+01  0.997200E+00  0.188506E+01  0.269581E+01  0.350880E+01  0.539162E+01
0.778035E-02  0.183346E+01  0.178855E+01  0.117099E+01  0.120039E+01  0.102511E+01  0.188506E+01  0.269581E+01  0.350880E+01  0.539162E+01
0.811863E-02  0.233312E+00  0.245460E+00  0.117099E+01  0.111303E+01  0.950509E+00  0.188506E+01  0.269581E+01  0.350880E+01  0.539162E+01
0.845691E-02  0.905143E+00  0.958656E+00  0.117099E+01  0.110562E+01  0.944179E+00  0.188506E+01  0.269581E+01  0.350880E+01  0.539162E+01
0.879518E-02  0.231566E+01  0.236215E+01  0.117099E+01  0.114794E+01  0.980317E+00  0.188506E+01  0.269581E+01  0.350880E+01  0.539162E+01
0.913346E-02  0.610385E+00  0.611678E+00  0.117099E+01  0.116851E+01  0.997886E+00  0.188506E+01  0.269581E+01  0.350880E+01  0.539162E+01
0.947173E-02  0.825644E+00  0.833350E+00  0.117099E+01  0.116016E+01  0.990753E+00  0.188506E+01  0.269581E+01  0.350880E+01  0.539162E+01
0.981001E-02  0.106912E+01  0.107954E+01  0.117099E+01  0.115969E+01  0.990350E+00  0.188506E+01  0.269581E+01  0.350880E+01  0.539162E+01
0.101483E-01  0.587822E+00  0.571215E+00  0.117099E+01  0.120503E+01  0.102907E+01  0.188506E+01  0.269581E+01  0.350880E+01  0.539162E+01
0.104866E-01  0.930623E-01  0.902769E-01  0.117099E+01  0.120712E+01  0.103085E+01  0.188506E+01  0.269581E+01  0.350880E+01  0.539162E+01
0.108248E-01  0.562013E+00  0.561275E+00  0.117099E+01  0.117253E+01  0.100131E+01  0.188506E+01  0.269581E+01  0.350880E+01  0.539162E+01
0.111631E-01  0.934464E+00  0.946420E+00  0.117099E+01  0.115619E+01  0.987368E+00  0.188506E+01  0.269581E+01  0.350880E+01  0.539162E+01
0.115014E-01  0.155223E+01  0.157914E+01  0.117099E+01  0.115104E+01  0.982962E+00  0.188506E+01  0.269581E+01  0.350880E+01  0.539162E+01
0.118397E-01  0.288899E+00  0.287674E+00  0.117099E+01  0.117597E+01  0.100426E+01  0.188506E+01  0.269581E+01  0.350880E+01  0.539162E+01
0.121779E-01  0.687702E-01  0.668977E-01  0.117099E+01  0.120376E+01  0.102799E+01  0.188506E+01  0.269581E+01  0.350880E+01  0.539162E+01
0.125162E-01  0.237457E+00  0.230124E+00  0.117099E+01  0.120830E+01  0.103186E+01  0.188506E+01  0.269581E+01  0.350880E+01  0.539162E+01
0.128545E-01  0.960640E-01  0.922863E-01  0.117099E+01  0.121892E+01  0.104093E+01  0.188506E+01  0.269581E+01  0.350880E+01  0.539162E+01
0.131928E-01  0.373118E-01  0.362005E-01  0.117099E+01  0.120694E+01  0.103070E+01  0.188506E+01  0.269581E+01  0.350880E+01  0.539162E+01
0.135310E-01  0.191643E-01  0.189031E-01  0.117099E+01  0.118717E+01  0.101382E+01  0.188506E+01  0.269581E+01  0.350880E+01  0.539162E+01
0.138693E-01  0.609192E+00  0.605781E+00  0.117099E+01  0.117758E+01  0.100563E+01  0.188506E+01  0.269581E+01  0.350880E+01  0.539162E+01
0.142076E-01  0.120341E+01  0.121171E+01  0.117099E+01  0.116297E+01  0.993150E+00  0.188506E+01  0.269581E+01  0.350880E+01  0.539162E+01
0.145459E-01  0.171023E+00  0.170542E+00  0.117099E+01  0.117429E+01  0.100282E+01  0.188506E+01  0.269581E+01  0.350880E+01  0.539162E+01
0.148842E-01  0.368408E-01  0.372079E-01  0.117099E+01  0.115943E+01  0.990134E+00  0.188506E+01  0.269581E+01  0.350880E+01  0.539162E+01
0.152224E-01  0.788518E-01  0.773465E-01  0.117099E+01  0.119378E+01  0.101946E+01  0.188506E+01  0.269581E+01  0.350880E+01  0.539162E+01
0.155607E-01  0.150137E+00  0.142372E+00  0.117099E+01  0.123485E+01  0.105454E+01  0.188506E+01  0.269581E+01  0.350880E+01  0.539162E+01
0.158990E-01  0.906675E+00  0.905541E+00  0.117099E+01  0.117245E+01  0.100125E+01  0.188506E+01  0.269581E+01  0.350880E+01  0.539162E+01
0.162373E-01  0.832088E+00  0.807039E+00  0.117099E+01  0.120733E+01  0.103104E+01  0.188506E+01  0.269581E+01  0.350880E+01  0.539162E+01
0.165755E-01  0.823253E-01  0.811602E-01  0.117099E+01  0.118780E+01  0.101436E+01  0.188506E+01  0.269581E+01  0.350880E+01  0.539162E+01
0.169138E-01  0.803270E+00  0.800976E+00  0.117099E+01  0.117434E+01  0.100286E+01  0.188506E+01  0.269581E+01  0.350880E+01  0.539162E+01
0.172521E-01  0.109444E+01  0.111289E+01  0.117099E+01  0.115157E+01  0.983419E+00  0.188506E+01  0.269581E+01  0.350880E+01  0.539162E+01
0.175904E-01  0.533481E+00  0.538489E+00  0.117099E+01  0.116010E+01  0.990700E+00  0.188506E+01  0.269581E+01  0.350880E+01  0.539162E+01
0.179286E-01  0.318518E+00  0.316034E+00  0.117099E+01  0.118019E+01  0.100786E+01  0.188506E+01  0.269581E+01  0.350880E+01  0.539162E+01
0.182669E-01  0.992615E+00  0.975661E+00  0.117099E+01  0.119134E+01  0.101738E+01  0.188506E+01  0.269581E+01  0.350880E+01  0.539162E+01
0.186052E-01  0.860208E+00  0.879775E+00  0.117099E+01  0.114494E+01  0.977760E+00  0.188506E+01  0.269581E+01  0.350880E+01  0.539162E+01
0.189435E-01  0.127262E+01  0.126700E+01  0.117099E+01  0.117619E+01  0.100444E+01  0.188506E+01  0.269581E+01  0.350880E+01  0.539162E+01
0.192817E-01  0.806304E+00  0.782596E+00  0.117099E+01  0.120646E+01  0.103029E+01  0.188506E+01  0.269581E+01  0.350880E+01  0.539162E+01
0.196200E-01  0.631176E+00  0.621342E+00  0.117099E+01  0.118952E+01  0.101583E+01  0.188506E+01  0.269581E+01  0.350880E+01  0.539162E+01
0.199583E-01  0.345491E+01  0.331730E+01  0.117099E+01  0.121956E+01  0.104148E+01  0.188506E+01  0.269581E+01  0.350880E+01  0.539162E+01
0.202966E-01  0.238328E+01  0.241105E+01  0.117099E+01  0.115750E+01  0.988483E+00  0.188506E+01  0.269581E+01  0.350880E+01  0.539162E+01
0.206348E-01  0.507819E+00  0.514541E+00  0.117099E+01  0.115569E+01  0.986936E+00  0.188506E+01  0.269581E+01  0.350880E+01  0.539162E+01
0.209731E-01  0.237316E+01  0.228261E+01  0.117099E+01  0.121744E+01  0.103967E+01  0.188506E+01  0.269581E+01  0.350880E+01  0.539162E+01
0.213114E-01  0.196650E+01  0.197132E+01  0.117099E+01  0.116813E+01  0.997557E+00  0.188506E+01  0.269581E+01  0.350880E+01  0.539162E+01
0.216497E-01  0.691654E-01  0.682728E-01  0.117099E+01  0.118630E+01  0.101307E+01  0.188506E+01  0.269581E+01  0.350880E+01  0.539162E+01
0.219880E-01  0.973727E+00  0.928435E+00  0.117099E+01  0.122811E+01  0.104878E+01  0.188506E+01  0.269581E+01  0.350880E+01  0.539162E+01
0.223262E-01  0.129836E+00  0.127819E+00  0.117099E+01  0.118947E+01  0.101578E+01  0.188506E+01  0.269581E+01  0.350880E+01  0.539162E+01
0.226645E-01  0.238678E+01  0.231988E+01  0.117099E+01  0.120475E+01  0.102884E+01  0.188506E+01  0.269581E+01  0.350880E+01  0.539162E+01
0.230028E-01  0.206460E+01  0.205916E+01  0.117099E+01  0.117408E+01  0.100264E+01  0.188506E+01  0.269581E+01  0.350880E+01  0.539162E+01
0.233411E-01  0.727518E-01  0.714468E-01  0.117099E+01  0.119238E+01  0.101827E+01  0.188506E+01  0.269581E+01  0.350880E+01  0.539162E+01
0.236793E-01  0.157595E+01  0.161044E+01  0.117099E+01  0.114591E+01  0.978586E+00  0.188506E+01  0.269581E+01  0.350880E+01  0.539162E+01
0.240176E-01  0.296426E+01  0.291855E+01  0.117099E+01  0.118933E+01  0.101566E+01  0.188506E+01  0.269581E+01  0.350880E+01  0.539162E+01
0.243559E-01  0.172703E+01  0.173952E+01  0.117099E+01  0.116258E+01  0.992820E+00  0.188506E+01  0.269581E+01  0.350880E+01  0.539162E+01
0.246942E-01  0.658566E+00  0.640411E+00  0.117099E+01  0.120418E+01  0.102835E+01  0.188506E+01  0.269581E+01  0.350880E+01  0.539162E+01
0.250324E-01  0.117391E+00  0.115526E+00  0.117099E+01  0.118990E+01  0.101615E+01  0.188506E+01  0.269581E+01  0.350880E+01  0.539162E+01
0.253707E-01  0.710552E+00  0.714310E+00  0.117099E+01  0.116483E+01  0.994739E+00  0.188506E+01  0.269581E+01  0.350880E+01  0.539162E+01
0.257090E-01  0.725558E+00  0.718750E+00  0.117099E+01  0.118208E+01  0.100947E+01  0.188506E+01  0.269581E+01  0.350880E+01  0.539162E+01
0.260473E-01  0.946981E+00  0.897862E+00  0.117099E+01  0.123505E+01  0.105471E+01  0.188506E+01  0.269581E+01  0.350880E+01  0.539162E+01
0.263855E-01  0.155673E+01  0.154755E+01  0.117099E+01  0.117793E+01  0.100593E+01  0.188506E+01  0.269581E+01  0.350880E+01  0.539162E+01
0.267238E-01  0.751334E+00  0.756472E+00  0.117099E+01  0.116303E+01  0.993207E+00  0.188506E+01  0.269581E+01  0.350880E+01  0.539162E+01
0.270621E-01  0.132771E+01  0.138743E+01  0.117099E+01  0.112058E+01  0.956957E+00  0.188506E+01  0.269581E+01  0.350880E+01  0.539162E+01
0.274004E-01  0.135432E+01  0.132901E+01  0.117099E+01  0.119329E+01  0.101904E+01  0.188506E+01  0.269581E+01  0.350880E+01  0.539162E+01
0.277386E-01  0.728315E+00  0.712675E+00  0.117099E+01  0.119668E+01  0.102195E+01  0.188506E+01  0.269581E+01  0.350880E+01  0.539162E+01
0.280769E-01  0.155056E+00  0.153354E+00  0.117099E+01  0.118398E+01  0.101110E+01  0.188506E+01  0.269581E+01  0.350880E+01  0.539162E+01
0.284152E-01  0.109548E+00  0.109789E+00  0.117099E+01  0.116842E+01  0.997805E+00  0.188506E+01  0.269581E+01  0.350880E+01  0.539162E+01
0.287535E-01  0.314903E+00  0.301133E+00  0.117099E+01  0.122453E+01  0.104573E+01  0.188506E+01  0.269581E+01  0.350880E+01  0.539162E+01
0.290918E-01  0.216669E+00  0.205370E+00  0.117099E+01  0.123542E+01  0.105502E+01  0.188506E+01  0.269581E+01  0.350880E+01  0.539162E+01
0.294300E-01  0.915167E+00  0.918476E+00  0.117099E+01  0.116677E+01  0.996397E+00  0.188506E+01  0.269581E+01  0.350880E+01  0.539162E+01
0.297683E-01  0.282288E-01  0.275400E-01  0.117099E+01  0.120028E+01  0.102501E+01  0.188506E+01  0.269581E+01  0.350880E+01  0.539162E+01
0.301066E-01  0.438602E+00  0.419581E+00  0.117099E+01  0.122407E+01  0.104533E+01  0.188506E+01  0.269581E+01  0.350880E+01  0.539162E+01
0.304449E-01  0.496772E+00  0.481430E+00  0.117099E+01  0.120830E+01  0.103187E+01  0.188506E+01  0.269581E+01  0.350880E+01  0.539162E+01
0.307831E-01  0.695597E-01  0.674926E-01  0.117099E+01  0.120685E+01  0.103063E+01  0.188506E+01  0.269581E+01  0.350880E+01  0.539162E+01
0.311214E-01  0.123840E+01  0.122134E+01  0.117099E+01  0.118734E+01  0.101396E+01  0.188506E+01  0.269581E+01  0.350880E+01  0.539162E+01
0.314597E-01  0.108588E+01  0.108689E+01  0.117099E+01  0.116990E+01  0.999072E+00  0.188506E+01  0.269581E+01  0.350880E+01  0.539162E+01
0.317980E-01  0.282624E+00  0.282372E+00  0.117099E+01  0.117203E+01  0.100089E+01  0.188506E+01  0.269581E+01  0.350880E+01  0.539162E+01
0.321362E-01  0.150156E+01  0.153134E+01  0.117099E+01  0.114822E+01  0.980555E+00  0.188506E+01  0.269581E+01  0.350880E+01  0.539162E+01
0.324745E-01  0.595442E+00  0.583704E+00  0.117099E+01  0.119453E+01  0.102011E+01  0.188506E+01  0.269581E+01  0.350880E+01  0.539162E+01
0.328128E-01  0.720165E+00  0.689408E+00  0.117099E+01  0.122323E+01  0.104461E+01  0.188506E+01  0.269581E+01  0.350880E+01  0.539162E+01
0.331511E-01  0.500859E+00  0.483292E+00  0.117099E+01  0.121355E+01  0.103635E+01  0.188506E+01  0.269581E+01  0.350880E+01  0.539162E+01
0.334893E-01  0.184528E+01  0.185222E+01  0.117099E+01  0.116660E+01  0.996252E+00  0.188506E+01  0.269581E+01  0.350880E+01  0.539162E+01
0.338276E-01  0.230989E+01  0.238922E+01  0.117099E+01  0.113211E+01  0.966797E+00  0.188506E+01  0.269581E+01  0.350880E+01  0.539162E+01
0.341659E-01  0.458073E+00  0.480546E+00  0.117099E+01  0.111623E+01  0.953236E+00  0.188506E+01  0.269581E+01  0.350880E+01  0.539162E+01
0.345042E-01  0.900428E+00  0.888163E+00  0.117099E+01  0.118716E+01  0.101381E+01  0.188506E+01  0.269581E+01  0.350880E+01  0.539162E+01
0.348425E-01  0.136106E+01  0.137718E+01  0.117099E+01  0.115728E+01  0.988297E+00  0.188506E+01  0.269581E+01  0.350880E+01  0.539162E+01
0.351807E-01  0.580208E+00  0.572884E+00  0.117099E+01  0.118596E+01  0.101279E+01  0.188506E+01  0.269581E+01  0.350880E+01  0.539162E+01
0.355190E-01  0.513381E+00  0.497710E+00  0.117099E+01  0.120786E+01  0.103149E+01  0.188506E+01  0.269581E+01  0.350880E+01  0.539162E+01
0.358573E-01  0.653362E+00  0.625620E+00  0.117099E+01  0.122291E+01  0.104434E+01  0.188506E+01  0.269581E+01  0.350880E+01  0.539162E+01
0.361956E-01  0.189456E+01  0.188693E+01  0.117099E+01  0.117572E+01  0.100404E+01  0.188506E+01  0.269581E+01  0.350880E+01  0.539162E+01
0.365338E-01  0.101325E+01  0.105110E+01  0.117099E+01  0.112881E+01  0.963985E+00  0.188506E+01  0.269581E+01  0.350880E+01  0.539162E+01
0.368721E-01  0.381650E+00  0.383631E+00  0.117099E+01  0.116494E+01  0.994837E+00  0.188506E+01  0.269581E+01  0.350880E+01  0.539162E+01
0.372104E-01  0.176328E+01  0.172645E+01  0.117099E+01  0.119597E+01  0.102133E+01  0.188506E+01  0.269581E+01  0.350880E+01  0.539162E+01
0.375487E-01  0.167860E+01  0.163650E+01  0.117099E+01  0.120111E+01  0.102573E+01  0.188506E+01  0.269581E+01  0.350880E+01  0.539162E+01
0.378869E-01  0.101632E+01  0.104293E+01  0.117099E+01  0.114110E+01  0.974480E+00  0.188506E+01  0.269581E+01  0.350880E+01  0.539162E+01
0.382252E-01  0.128366E+01  0.128792E+01  0.117099E+01  0.116712E+01  0.996696E+00  0.188506E+01  0.269581E+01  0.350880E+01  0.539162E+01
0.385635E-01  0.904583E+00  0.892869E+00  0.117099E+01  0.118635E+01  0.101312E+01  0.188506E+01  0.269581E+01  0.350880E+01  0.539162E+01
0.389018E-01  0.227829E-02  0.234333E-02  0.117099E+01  0.113849E+01  0.972246E+00  0.188506E+01  0.269581E+01  0.350880E+01  0.539162E+01
0.392400E-01  0.558307E-01  0.563174E-01  0.117099E+01  0.116087E+01  0.991358E+00  0.188506E+01  0.269581E+01  0.350880E+01  0.539162E+01
0.395783E-01  0.241097E-01  0.232268E-01  0.117099E+01  0.121550E+01  0.103801E+01  0.188506E+01  0.269581E+01  0.350880E+01  0.539162E+01
0.399166E-01  0.569632E+00  0.568500E+00  0.117099E+01  0.117332E+01  0.100199E+01  0.188506E+01  0.269581E+01  0.350880E+01  0.539162E+01
0.402549E-01  0.148381E+01  0.144483E+01  0.117099E+01  0.120258E+01  0.102698E+01  0.188506E+01  0.269581E+01  0.350880E+01  0.539162E+01
0.405931E-01  0.169866E+01  0.165978E+01  0.117099E+01  0.119842E+01  0.102343E+01  0.188506E+01  0.269581E+01  0.350880E+01  0.539162E+01
0.409314E-01  0.690288E+00  0.687255E+00  0.117099E+01  0.117616E+01  0.100441E+01  0.188506E+01  0.269581E+01  0.350880E+01  0.539162E+01
0.412697E-01  0.165374E+01  0.163404E+01  0.117099E+01  0.118510E+01  0.101205E+01  0.188506E+01  0.269581E+01  0.350880E+01  0.539162E+01
0.416080E-01  0.597846E+00  0.601502E+00  0.117099E+01  0.116387E+01  0.993921E+00  0.188506E+01  0.269581E+01  0.350880E+01  0.539162E+01
0.419463E-01  0.914690E-02  0.880672E-02  0.117099E+01  0.121622E+01  0.103863E+01  0.188506E+01  0.269581E+01  0.350880E+01  0.539162E+01
0.422845E-01  0.636528E+00  0.628808E+00  0.117099E+01  0.118536E+01  0.101228E+01  0.188506E+01  0.269581E+01  0.350880E+01  0.539162E+01
0.426228E-01  0.533578E+00  0.528388E+00  0.117099E+01  0.118249E+01  0.100982E+01  0.188506E+01  0.269581E+01  0.350880E+01  0.539162E+01
0.429611E-01  0.392015E+00  0.380820E+00  0.117099E+01  0.120541E+01  0.102940E+01  0.188506E+01  0.269581E+01  0.350880E+01  0.539162E+01
0.432994E-01  0.673721E+00  0.660445E+00  0.117099E+01  0.119453E+01  0.102010E+01  0.188506E+01  0.269581E+01  0.350880E+01  0.539162E+01
0.436376E-01  0.325757E+00  0.315185E+00  0.117099E+01  0.121026E+01  0.103354E+01  0.188506E+01  0.269581E+01  0.350880E+01  0.539162E+01
0.439759E-01  0.359067E+00  0.356562E+00  0.117099E+01  0.117922E+01  0.100703E+01  0.188506E+01  0.269581E+01  0.350880E+01  0.539162E+01
0.443142E-01  0.292272E+00  0.296561E+00  0.117099E+01  0.115405E+01  0.985537E+00  0.188506E+01  0.269581E+01  0.350880E+01  0.539162E+01
0.446525E-01  0.587656E+00  0.555035E+00  0.117099E+01  0.123981E+01  0.105877E+01  0.188506E+01  0.269581E+01  0.350880E+01  0.539162E+01
0.449907E-01  0.105482E+01  0.103374E+01  0.117099E+01  0.119486E+01  0.102038E+01  0.188506E+01  0.269581E+01  0.350880E+01  0.539162E+01
0.453290E-01  0.162013E+01  0.153368E+01  0.117099E+01  0.123700E+01  0.105637E+01  0.188506E+01  0.269581E+01  0.350880E+01  0.539162E+01
0.456673E-01  0.127335E+01  0.125554E+01  0.117099E+01  0.118760E+01  0.101418E+01  0.188506E+01  0.269581E+01  0.350880E+01  0.539162E+01
0.460056E-01  0.861516E-01  0.870634E-01  0.117099E+01  0.115872E+01  0.989528E+00  0.188506E+01  0.269581E+01  0.350880E+01  0.539162E+01
0.463438E-01  0.703552E+00  0.690121E+00  0.117099E+01  0.119378E+01  0.101946E+01  0.188506E+01  0.269581E+01  0.350880E+01  0.539162E+01
0.466821E-01  0.904076E+00  0.899768E+00  0.117099E+01  0.117659E+01  0.100479E+01  0.188506E+01  0.269581E+01  0.350880E+01  0.539162E+01
0.470204E-01  0.949292E-01  0.935493E-01  0.117099E+01  0.118826E+01  0.101475E+01  0.188506E+01  0.269581E+01  0.350880E+01  0.539162E+01
0.473587E-01  0.518019E+00  0.509553E+00  0.117099E+01  0.119044E+01  0.101661E+01  0.188506E+01  0.269581E+01  0.350880E+01  0.539162E+01
0.476969E-01  0.897547E+00  0.880793E+00  0.117099E+01  0.119326E+01  0.101902E+01  0.188506E+01  0.269581E+01  0.350880E+01  0.539162E+01
0.480352E-01  0.534241E+00  0.534268E+00  0.117099E+01  0.117093E+01  0.999949E+00  0.188506E+01  0.269581E+01  0.350880E+01  0.539162E+01
0.483735E-01  0.119755E+00  0.119610E+00  0.117099E+01  0.117241E+01  0.100121E+01  0.188506E+01  0.269581E+01  0.350880E+01  0.539162E+01
0.487118E-01  0.528423E-01  0.516009E-01  0.117099E+01  0.119916E+01  0.102406E+01  0.188506E+01  0.269581E+01  0.350880E+01  0.539162E+01
0.490501E-01  0.112930E+00  0.110047E+00  0.117099E+01  0.120166E+01  0.102620E+01  0.188506E+01  0.269581E+01  0.350880E+01  0.539162E+01
