2.049800000022514723e-01	1.505000000000000071e+01
2.124899999980698340e-01	1.501999999999999957e+01
2.199299999992945231e-01	1.502999999999999936e+01
2.273799999966286123e-01	1.505000000000000071e+01
2.919632000000274274e+01	1.506000000000000050e+01
2.920550999999977648e+01	1.501999999999999957e+01
2.921472000000358094e+01	1.502999999999999936e+01
2.922378999999637017e+01	1.506000000000000050e+01
3.621981999999843538e+01	1.505000000000000071e+01
3.622682999999960884e+01	1.505000000000000071e+01
3.623384999999689171e+01	1.502999999999999936e+01
3.624091000000044005e+01	1.505000000000000071e+01
5.915999000000010710e+01	1.506000000000000050e+01
5.916805000000022119e+01	1.505000000000000071e+01
5.917609999999694992e+01	1.505000000000000071e+01
5.918417000000044936e+01	1.507000000000000028e+01
2.474827599999989616e+02	1.509999999999999964e+01
2.474887000000016997e+02	1.509999999999999964e+01
2.474946199999976670e+02	1.508999999999999986e+01
2.475005400000009104e+02	1.509999999999999964e+01
2.695234399999972084e+02	1.509999999999999964e+01
2.695298200000033830e+02	1.508000000000000007e+01
2.695363900000011199e+02	1.509999999999999964e+01
2.695428499999979977e+02	1.508999999999999986e+01
2.804755999999979394e+02	1.509999999999999964e+01
2.804826099999991129e+02	1.513000000000000078e+01
2.804896200000002864e+02	1.508999999999999986e+01
2.804966599999970640e+02	1.508999999999999986e+01
3.493284399999974994e+02	1.507000000000000028e+01
3.493354899999976624e+02	1.507000000000000028e+01
3.493424999999988358e+02	1.507000000000000028e+01
3.493494999999966240e+02	1.508999999999999986e+01
3.673228999999992084e+02	1.505000000000000071e+01
3.673236400000023423e+02	1.508999999999999986e+01
3.673245099999985541e+02	1.508999999999999986e+01
3.673252599999977974e+02	1.501999999999999957e+01
3.792377100000012433e+02	1.508000000000000007e+01
3.792453999999997905e+02	1.508000000000000007e+01
3.792530699999988428e+02	1.508000000000000007e+01
3.792607199999984005e+02	1.508999999999999986e+01
3.901802899999966030e+02	1.507000000000000028e+01
3.901874899999966146e+02	1.505000000000000071e+01
3.901946400000015274e+02	1.503999999999999915e+01
3.902018400000015390e+02	1.506000000000000050e+01
3.911649800000013784e+02	1.505000000000000071e+01
3.911717700000008335e+02	1.505000000000000071e+01
3.911784400000033202e+02	1.505000000000000071e+01
3.911851999999998952e+02	1.503999999999999915e+01
4.072342999999964377e+02	1.500000000000000000e+01
4.072353099999963888e+02	1.500999999999999979e+01
4.072363600000026054e+02	1.498000000000000043e+01
4.072373999999981606e+02	1.497000000000000064e+01
4.101980100000000675e+02	1.506000000000000050e+01
4.102118800000025658e+02	1.505000000000000071e+01
5.985094299999982468e+02	1.503999999999999915e+01
5.985178299999970477e+02	1.503999999999999915e+01
5.985262199999997392e+02	1.502999999999999936e+01
5.985346900000004098e+02	1.502999999999999936e+01
6.194889699999985169e+02	1.503999999999999915e+01
6.194983399999982794e+02	1.505000000000000071e+01
6.195079199999963748e+02	1.506000000000000050e+01
6.195197100000004866e+02	1.503999999999999915e+01
6.314540599999963888e+02	1.501999999999999957e+01
6.314643100000030245e+02	1.502999999999999936e+01
6.314745400000028894e+02	1.501999999999999957e+01
6.314847700000027544e+02	1.503999999999999915e+01
7.052544899999993504e+02	1.500999999999999979e+01
7.052631600000022445e+02	1.500000000000000000e+01
7.052718499999973574e+02	1.500999999999999979e+01
7.052805200000002515e+02	1.499000000000000021e+01
7.452395000000033178e+02	1.499000000000000021e+01
7.452486999999964610e+02	1.494999999999999929e+01
7.452579100000002654e+02	1.498000000000000043e+01
7.452672800000000279e+02	1.497000000000000064e+01
9.545127100000026985e+02	1.490000000000000036e+01
9.545189099999988684e+02	1.491000000000000014e+01
9.545249899999980698e+02	1.489000000000000057e+01
9.545310600000011618e+02	1.491000000000000014e+01
9.844876300000032643e+02	1.492999999999999972e+01
9.844942099999971106e+02	1.492999999999999972e+01
9.845006999999968684e+02	1.491999999999999993e+01
9.845072300000028918e+02	1.493999999999999950e+01
1.019390079999997397e+03	1.491000000000000014e+01
1.019394330000002810e+03	1.489000000000000057e+01
1.019398600000000442e+03	1.488000000000000078e+01
1.019402860000001965e+03	1.490000000000000036e+01
1.064348510000003444e+03	1.490000000000000036e+01
1.064353889999998501e+03	1.488000000000000078e+01
1.064359299999996438e+03	1.490000000000000036e+01
1.064364670000002661e+03	1.491000000000000014e+01
1.071300739999998768e+03	1.484999999999999964e+01
1.071309679999998480e+03	1.486999999999999922e+01
1.071318650000001071e+03	1.485999999999999943e+01
1.071327610000000277e+03	1.488000000000000078e+01
1.073381379999998899e+03	1.485999999999999943e+01
1.073387459999998100e+03	1.484999999999999964e+01
1.073393580000003567e+03	1.485999999999999943e+01
1.073399799999999232e+03	1.485999999999999943e+01
1.085292849999997998e+03	1.489000000000000057e+01
1.085299330000001646e+03	1.488000000000000078e+01
1.085305780000002414e+03	1.486999999999999922e+01
1.085312219999999797e+03	1.486999999999999922e+01
1.112170219999999972e+03	1.478999999999999915e+01
1.112174409999999625e+03	1.483000000000000007e+01
1.112178260000000591e+03	1.482000000000000028e+01
1.112182050000003073e+03	1.483999999999999986e+01
1.333542690000002040e+03	1.490000000000000036e+01
1.333546520000003511e+03	1.488000000000000078e+01
1.333550210000001243e+03	1.490000000000000036e+01
1.333553999999996449e+03	1.486999999999999922e+01
1.363448949999998149e+03	1.491000000000000014e+01
1.363453730000001087e+03	1.491000000000000014e+01
1.363458520000000135e+03	1.490000000000000036e+01
1.363465309999999590e+03	1.491000000000000014e+01
1.371428829999997106e+03	1.491999999999999993e+01
1.371434880000000703e+03	1.490000000000000036e+01
1.371440790000000561e+03	1.491000000000000014e+01
1.371446799999997893e+03	1.491999999999999993e+01
1.421399949999999080e+03	1.492999999999999972e+01
1.421407520000000659e+03	1.493999999999999950e+01
1.421415070000002743e+03	1.491999999999999993e+01
1.421422639999997045e+03	1.492999999999999972e+01
1.441313390000002983e+03	1.492999999999999972e+01
1.441318260000000009e+03	1.492999999999999972e+01
1.441323109999997541e+03	1.493999999999999950e+01
1.441327850000001490e+03	1.491000000000000014e+01
1.446244030000001658e+03	1.490000000000000036e+01
1.446251579999996466e+03	1.489000000000000057e+01
1.446259050000000570e+03	1.489000000000000057e+01
1.446266629999998258e+03	1.489000000000000057e+01
1.454259720000001835e+03	1.491000000000000014e+01
1.454268409999996948e+03	1.491000000000000014e+01
1.454277119999998831e+03	1.492999999999999972e+01
1.454285779999998340e+03	1.491999999999999993e+01
1.486184000000001106e+03	1.491000000000000014e+01
1.486189400000002934e+03	1.490000000000000036e+01
1.486194819999996980e+03	1.489000000000000057e+01
1.486200239999998303e+03	1.490000000000000036e+01
1.744459530000000086e+03	1.507000000000000028e+01
1.744467140000000654e+03	1.508000000000000007e+01
1.744474710000002233e+03	1.508000000000000007e+01
1.744482270000000426e+03	1.505000000000000071e+01
1.749399460000000545e+03	1.505000000000000071e+01
1.749406369999996969e+03	1.505000000000000071e+01
1.749413339999999152e+03	1.507000000000000028e+01
1.749420310000001336e+03	1.506000000000000050e+01
1.796277249999999185e+03	1.510999999999999943e+01
1.796283230000000913e+03	1.511999999999999922e+01
1.796289210000002640e+03	1.513000000000000078e+01
1.796295149999998102e+03	1.511999999999999922e+01
1.805291030000000319e+03	1.511999999999999922e+01
1.805298620000001392e+03	1.511999999999999922e+01
1.805306320000003325e+03	1.511999999999999922e+01
1.805313959999999497e+03	1.511999999999999922e+01
1.825226490000000922e+03	1.516000000000000014e+01
1.825233330000002752e+03	1.516999999999999993e+01
1.825240239999999176e+03	1.516000000000000014e+01
1.825247199999997974e+03	1.515000000000000036e+01
1.836213470000002417e+03	1.516000000000000014e+01
1.836218560000001162e+03	1.517999999999999972e+01
1.836223709999998391e+03	1.515000000000000036e+01
1.836228880000002391e+03	1.516000000000000014e+01
1.852204899999996996e+03	1.516000000000000014e+01
1.852212299999999232e+03	1.516999999999999993e+01
1.852219790000002831e+03	1.517999999999999972e+01
1.852227279999999155e+03	1.518999999999999950e+01
2.043518929999998363e+03	1.514000000000000057e+01
2.043523650000002817e+03	1.516000000000000014e+01
2.043528359999996610e+03	1.513000000000000078e+01
2.043533109999996668e+03	1.513000000000000078e+01
2.093491869999998016e+03	1.513000000000000078e+01
2.093496520000000601e+03	1.510999999999999943e+01
2.093501219999998284e+03	1.513000000000000078e+01
2.093505969999998342e+03	1.513000000000000078e+01
2.148411160000003292e+03	1.513000000000000078e+01
2.148416870000000927e+03	1.514000000000000057e+01
2.148422630000000936e+03	1.515000000000000036e+01
2.148428429999999935e+03	1.516000000000000014e+01
2.183282959999996820e+03	1.511999999999999922e+01
2.183292600000000675e+03	1.511999999999999922e+01
2.183302259999996750e+03	1.511999999999999922e+01
2.183311900000000605e+03	1.511999999999999922e+01
2.192226130000002740e+03	1.507000000000000028e+01
2.192231229999997595e+03	1.507000000000000028e+01
2.192236369999998715e+03	1.508999999999999986e+01
2.192241529999999329e+03	1.506000000000000050e+01
2.220193550000003597e+03	1.505000000000000071e+01
2.220198729999996431e+03	1.503999999999999915e+01
2.220203939999999420e+03	1.507000000000000028e+01
2.220209130000002915e+03	1.508000000000000007e+01
2.240174980000003416e+03	1.505000000000000071e+01
2.240180090000001655e+03	1.506000000000000050e+01
2.240185239999998885e+03	1.502999999999999936e+01
2.240190439999998489e+03	1.507000000000000028e+01
2.453459880000002158e+03	1.500000000000000000e+01
2.453467879999996512e+03	1.503999999999999915e+01
2.453475879999998142e+03	1.500000000000000000e+01
2.453483939999998256e+03	1.502999999999999936e+01
2.463492500000000291e+03	1.498000000000000043e+01
2.463498540000000503e+03	1.500999999999999979e+01
2.463504730000000563e+03	1.500000000000000000e+01
2.463510840000002645e+03	1.500000000000000000e+01
2.483462010000002920e+03	1.499000000000000021e+01
2.483469069999999192e+03	1.499000000000000021e+01
2.483476069999996980e+03	1.499000000000000021e+01
2.483483079999998154e+03	1.494999999999999929e+01
2.490416519999998854e+03	1.497000000000000064e+01
2.490423510000000533e+03	1.496000000000000085e+01
2.490430540000001201e+03	1.494999999999999929e+01
2.490437489999996615e+03	1.493999999999999950e+01
2.494364280000001600e+03	1.494999999999999929e+01
2.494368809999999939e+03	1.498000000000000043e+01
2.494373449999999139e+03	1.496000000000000085e+01
2.494378040000003239e+03	1.497000000000000064e+01
2.504446640000001935e+03	1.493999999999999950e+01
2.504451739999996789e+03	1.496000000000000085e+01
2.504456819999999425e+03	1.494999999999999929e+01
2.504461980000000040e+03	1.499000000000000021e+01
2.515264699999999721e+03	1.493999999999999950e+01
2.515269829999997455e+03	1.493999999999999950e+01
2.515274920000003476e+03	1.493999999999999950e+01
2.515279979999999341e+03	1.493999999999999950e+01
2.523321799999997893e+03	1.494999999999999929e+01
2.523333639999997104e+03	1.494999999999999929e+01
2.523345459999996820e+03	1.496000000000000085e+01
2.523357349999998405e+03	1.492999999999999972e+01
2.544284399999996822e+03	1.494999999999999929e+01
2.544287230000001728e+03	1.496000000000000085e+01
2.544290099999998347e+03	1.492999999999999972e+01
2.544292950000002747e+03	1.491999999999999993e+01
2.551172819999999774e+03	1.491999999999999993e+01
2.551180180000003020e+03	1.491000000000000014e+01
2.551187500000000000e+03	1.491000000000000014e+01
2.551194969999996829e+03	1.492999999999999972e+01
2.564182560000001104e+03	1.491999999999999993e+01
2.564190439999998489e+03	1.492999999999999972e+01
2.564199139999996987e+03	1.491999999999999993e+01
2.564207139999998617e+03	1.490000000000000036e+01
2.572225460000001476e+03	1.488000000000000078e+01
2.572232920000002196e+03	1.486999999999999922e+01
2.572240059999996447e+03	1.488000000000000078e+01
2.572247040000002016e+03	1.488000000000000078e+01
2.577159330000002228e+03	1.491999999999999993e+01
2.577164369999998598e+03	1.490000000000000036e+01
2.577169439999997849e+03	1.491999999999999993e+01
2.577174460000002000e+03	1.491000000000000014e+01
2.804504370000002382e+03	1.484999999999999964e+01
2.804509469999997236e+03	1.483999999999999986e+01
2.804514560000003257e+03	1.484999999999999964e+01
2.804519719999996596e+03	1.483999999999999986e+01
2.850409370000001218e+03	1.483999999999999986e+01
2.850415820000001986e+03	1.483999999999999986e+01
2.850422339999997348e+03	1.484999999999999964e+01
2.850428749999999127e+03	1.483999999999999986e+01
2.860322879999999714e+03	1.486999999999999922e+01
2.860330759999997099e+03	1.486999999999999922e+01
2.860338719999999739e+03	1.488000000000000078e+01
2.860346640000003390e+03	1.486999999999999922e+01
2.889324760000003153e+03	1.486999999999999922e+01
2.889329870000001392e+03	1.488000000000000078e+01
2.889334999999999127e+03	1.486999999999999922e+01
2.889340089999997872e+03	1.486999999999999922e+01
2.893366159999997762e+03	1.485999999999999943e+01
2.893372109999996610e+03	1.486999999999999922e+01
2.893378060000002733e+03	1.485999999999999943e+01
2.893384030000001076e+03	1.485999999999999943e+01
2.905316109999999753e+03	1.488000000000000078e+01
2.905323889999999665e+03	1.489000000000000057e+01
2.905331709999998566e+03	1.490000000000000036e+01
2.905339590000003227e+03	1.489000000000000057e+01
2.917239390000002459e+03	1.486999999999999922e+01
2.917244749999998021e+03	1.484999999999999964e+01
2.917250160000003234e+03	1.484999999999999964e+01
2.917255570000001171e+03	1.486999999999999922e+01
2.917293680000002496e+03	1.489000000000000057e+01
2.917302450000002864e+03	1.488000000000000078e+01
2.917311300000001211e+03	1.489000000000000057e+01
2.917320189999998547e+03	1.485999999999999943e+01
2.929223230000003241e+03	1.489000000000000057e+01
2.929230510000001232e+03	1.490000000000000036e+01
2.929237880000000587e+03	1.491999999999999993e+01
2.929245219999997062e+03	1.490000000000000036e+01
2.934205959999999322e+03	1.490000000000000036e+01
2.934212800000001153e+03	1.491999999999999993e+01
2.934219599999996717e+03	1.491000000000000014e+01
2.934226410000002943e+03	1.491000000000000014e+01
2.946153460000001360e+03	1.488000000000000078e+01
2.946160750000002736e+03	1.488000000000000078e+01
2.946168019999997341e+03	1.488000000000000078e+01
2.946175329999998212e+03	1.489000000000000057e+01
